0.35000E+01 0.20000E-02 0.67308E+00 0.52868E+00 0.61496E-02 0.10319E-01
0.35000E+01 0.32000E-02 0.42067E+00 0.51280E+00 0.61118E-02 0.95788E-02
0.35000E+01 0.50000E-02 0.26923E+00 0.48762E+00 0.62073E-02 0.89707E-02
0.35000E+01 0.80000E-02 0.16827E+00 0.46115E+00 0.62176E-02 0.81618E-02
0.35000E+01 0.13000E-01 0.10355E+00 0.43726E+00 0.60671E-02 0.71333E-02
0.35000E+01 0.20000E-01 0.67308E-01 0.41980E+00 0.58410E-02 0.61952E-02
0.35000E+01 0.32000E-01 0.42067E-01 0.40488E+00 0.57217E-02 0.54650E-02
0.35000E+01 0.50000E-01 0.26923E-01 0.39455E+00 0.60718E-02 0.52417E-02
0.35000E+01 0.80000E-01 0.16827E-01 0.38596E+00 0.71119E-02 0.54450E-02
0.35000E+01 0.13000E+00 0.10355E-01 0.37513E+00 0.81271E-02 0.56704E-02
0.35000E+01 0.20000E+00 0.67308E-02 0.35685E+00 0.73260E-02 0.54936E-02
0.45000E+01 0.20000E-02 0.86538E+00 0.54422E+00 0.61632E-02 0.10346E-01
0.45000E+01 0.32000E-02 0.54087E+00 0.54706E+00 0.59103E-02 0.90860E-02
0.45000E+01 0.50000E-02 0.34615E+00 0.52300E+00 0.59766E-02 0.84525E-02
0.45000E+01 0.80000E-02 0.21635E+00 0.49214E+00 0.59601E-02 0.77229E-02
0.45000E+01 0.13000E-01 0.13314E+00 0.46236E+00 0.57922E-02 0.67748E-02
0.45000E+01 0.20000E-01 0.86539E-01 0.43973E+00 0.55641E-02 0.58928E-02
0.45000E+01 0.32000E-01 0.54087E-01 0.41961E+00 0.54702E-02 0.52271E-02
0.45000E+01 0.50000E-01 0.34615E-01 0.40486E+00 0.58600E-02 0.50772E-02
0.45000E+01 0.80000E-01 0.21635E-01 0.39217E+00 0.69083E-02 0.53207E-02
0.45000E+01 0.13000E+00 0.13314E-01 0.37750E+00 0.78307E-02 0.55362E-02
0.45000E+01 0.20000E+00 0.86538E-02 0.35561E+00 0.68876E-02 0.53010E-02
0.45000E+01 0.32000E+00 0.54087E-02 0.30358E+00 0.38030E-02 0.37573E-02
0.65000E+01 0.32000E-02 0.78125E+00 0.57388E+00 0.56824E-02 0.87492E-02
0.65000E+01 0.50000E-02 0.50000E+00 0.56783E+00 0.57103E-02 0.78593E-02
0.65000E+01 0.80000E-02 0.31250E+00 0.53547E+00 0.56718E-02 0.72018E-02
0.65000E+01 0.13000E-01 0.19231E+00 0.49819E+00 0.54697E-02 0.63529E-02
0.65000E+01 0.20000E-01 0.12500E+00 0.46817E+00 0.52243E-02 0.55312E-02
0.65000E+01 0.32000E-01 0.78125E-01 0.44042E+00 0.51371E-02 0.49245E-02
0.65000E+01 0.50000E-01 0.50000E-01 0.41913E+00 0.55371E-02 0.48428E-02
0.65000E+01 0.80000E-01 0.31250E-01 0.40026E+00 0.65380E-02 0.51040E-02
0.65000E+01 0.13000E+00 0.19231E-01 0.37983E+00 0.73153E-02 0.52889E-02
0.65000E+01 0.20000E+00 0.12500E-01 0.35278E+00 0.62581E-02 0.49882E-02
0.65000E+01 0.32000E+00 0.78125E-02 0.29333E+00 0.34757E-02 0.34985E-02
0.85000E+01 0.50000E-02 0.65385E+00 0.58821E+00 0.55108E-02 0.75456E-02
0.85000E+01 0.80000E-02 0.40865E+00 0.56366E+00 0.55064E-02 0.68998E-02
0.85000E+01 0.13000E-01 0.25148E+00 0.52321E+00 0.52905E-02 0.61150E-02
0.85000E+01 0.20000E-01 0.16346E+00 0.48826E+00 0.50249E-02 0.53306E-02
0.85000E+01 0.32000E-01 0.10216E+00 0.45506E+00 0.49284E-02 0.47437E-02
0.85000E+01 0.50000E-01 0.65385E-01 0.42900E+00 0.53102E-02 0.46856E-02
0.85000E+01 0.80000E-01 0.40865E-01 0.40558E+00 0.62438E-02 0.49350E-02
0.85000E+01 0.13000E+00 0.25148E-01 0.38093E+00 0.69077E-02 0.50868E-02
0.85000E+01 0.20000E+00 0.16346E-01 0.35020E+00 0.58104E-02 0.47460E-02
0.85000E+01 0.32000E+00 0.10216E-01 0.28599E+00 0.32820E-02 0.33338E-02
0.85000E+01 0.50000E+00 0.65385E-02 0.15419E+00 0.27076E-02 0.28295E-02
0.10000E+02 0.50000E-02 0.76923E+00 0.59091E+00 0.53677E-02 0.74126E-02
0.10000E+02 0.80000E-02 0.48077E+00 0.57792E+00 0.54110E-02 0.67387E-02
0.10000E+02 0.13000E-01 0.29586E+00 0.53756E+00 0.52016E-02 0.59943E-02
0.10000E+02 0.20000E-01 0.19231E+00 0.50007E+00 0.49245E-02 0.52300E-02
0.10000E+02 0.32000E-01 0.12019E+00 0.46367E+00 0.48174E-02 0.46522E-02
0.10000E+02 0.50000E-01 0.76923E-01 0.43474E+00 0.51797E-02 0.45990E-02
0.10000E+02 0.80000E-01 0.48077E-01 0.40860E+00 0.60644E-02 0.48321E-02
0.10000E+02 0.13000E+00 0.29586E-01 0.38141E+00 0.66577E-02 0.49612E-02
0.10000E+02 0.20000E+00 0.19231E-01 0.34850E+00 0.55487E-02 0.45994E-02
0.10000E+02 0.32000E+00 0.12019E-01 0.28164E+00 0.31772E-02 0.32410E-02
0.10000E+02 0.50000E+00 0.76923E-02 0.14885E+00 0.26119E-02 0.27201E-02
0.12000E+02 0.50000E-02 0.92308E+00 0.58164E+00 0.51675E-02 0.73149E-02
0.12000E+02 0.80000E-02 0.57692E+00 0.58963E+00 0.52897E-02 0.65681E-02
0.12000E+02 0.13000E-01 0.35503E+00 0.55251E+00 0.51120E-02 0.58758E-02
0.12000E+02 0.20000E-01 0.23077E+00 0.51288E+00 0.48272E-02 0.51356E-02
0.12000E+02 0.32000E-01 0.14423E+00 0.47310E+00 0.47036E-02 0.45652E-02
0.12000E+02 0.50000E-01 0.92308E-01 0.44100E+00 0.50401E-02 0.45110E-02
0.12000E+02 0.80000E-01 0.57692E-01 0.41183E+00 0.58654E-02 0.47196E-02
0.12000E+02 0.13000E+00 0.35503E-01 0.38182E+00 0.63797E-02 0.48212E-02
0.12000E+02 0.20000E+00 0.23077E-01 0.34652E+00 0.52646E-02 0.44369E-02
0.12000E+02 0.32000E+00 0.14423E-01 0.27688E+00 0.30687E-02 0.31418E-02
0.12000E+02 0.50000E+00 0.92308E-02 0.14326E+00 0.25130E-02 0.26059E-02
0.12000E+02 0.80000E+00 0.57692E-02 0.61027E-02 0.55348E-03 0.74277E-03
0.15000E+02 0.80000E-02 0.72115E+00 0.59405E+00 0.51136E-02 0.63312E-02
0.15000E+02 0.13000E-01 0.44379E+00 0.56815E+00 0.50554E-02 0.56937E-02
0.15000E+02 0.20000E-01 0.28846E+00 0.52765E+00 0.47866E-02 0.49842E-02
0.15000E+02 0.32000E-01 0.18029E+00 0.48422E+00 0.46398E-02 0.44191E-02
0.15000E+02 0.50000E-01 0.11539E+00 0.44837E+00 0.49242E-02 0.43638E-02
0.15000E+02 0.80000E-01 0.72115E-01 0.41555E+00 0.56569E-02 0.45532E-02
0.15000E+02 0.13000E+00 0.44379E-01 0.38216E+00 0.60625E-02 0.46372E-02
0.15000E+02 0.20000E+00 0.28846E-01 0.34403E+00 0.49372E-02 0.42405E-02
0.15000E+02 0.32000E+00 0.18029E-01 0.27123E+00 0.29397E-02 0.30346E-02
0.15000E+02 0.50000E+00 0.11539E-01 0.13694E+00 0.23981E-02 0.24866E-02
0.15000E+02 0.80000E+00 0.72115E-02 0.55113E-02 0.50610E-03 0.69356E-03
0.18000E+02 0.80000E-02 0.86538E+00 0.58589E+00 0.47966E-02 0.63321E-02
0.18000E+02 0.13000E-01 0.53254E+00 0.57741E+00 0.45725E-02 0.60008E-02
0.18000E+02 0.20000E-01 0.34615E+00 0.53868E+00 0.42313E-02 0.54399E-02
0.18000E+02 0.32000E-01 0.21635E+00 0.49299E+00 0.40820E-02 0.49088E-02
0.18000E+02 0.50000E-01 0.13846E+00 0.45426E+00 0.44444E-02 0.47597E-02
0.18000E+02 0.80000E-01 0.86539E-01 0.41850E+00 0.52323E-02 0.47813E-02
0.18000E+02 0.13000E+00 0.53254E-01 0.38238E+00 0.56758E-02 0.46712E-02
0.18000E+02 0.20000E+00 0.34615E-01 0.34199E+00 0.46587E-02 0.41268E-02
0.18000E+02 0.32000E+00 0.21635E-01 0.26676E+00 0.29024E-02 0.28949E-02
0.18000E+02 0.50000E+00 0.13846E-01 0.13214E+00 0.23535E-02 0.23313E-02
0.22000E+02 0.13000E-01 0.65089E+00 0.58098E+00 0.47625E-02 0.54393E-02
0.22000E+02 0.20000E-01 0.42308E+00 0.54853E+00 0.45790E-02 0.48856E-02
0.22000E+02 0.32000E-01 0.26442E+00 0.50174E+00 0.44199E-02 0.43562E-02
0.22000E+02 0.50000E-01 0.16923E+00 0.46023E+00 0.46498E-02 0.42704E-02
0.22000E+02 0.80000E-01 0.10577E+00 0.42145E+00 0.52600E-02 0.43838E-02
0.22000E+02 0.13000E+00 0.65089E-01 0.38246E+00 0.55219E-02 0.43869E-02
0.22000E+02 0.20000E+00 0.42308E-01 0.33973E+00 0.44219E-02 0.39306E-02
0.22000E+02 0.32000E+00 0.26442E-01 0.26206E+00 0.27587E-02 0.28430E-02
0.22000E+02 0.50000E+00 0.16923E-01 0.12726E+00 0.22358E-02 0.22806E-02
0.22000E+02 0.80000E+00 0.10577E-01 0.46772E-02 0.44064E-03 0.62012E-03
0.27000E+02 0.13000E-01 0.79882E+00 0.57518E+00 0.45359E-02 0.52285E-02
0.27000E+02 0.20000E-01 0.51923E+00 0.55575E+00 0.44784E-02 0.47996E-02
0.27000E+02 0.32000E-01 0.32452E+00 0.51002E+00 0.43404E-02 0.43089E-02
0.27000E+02 0.50000E-01 0.20769E+00 0.46618E+00 0.45367E-02 0.42081E-02
0.27000E+02 0.80000E-01 0.12981E+00 0.42446E+00 0.50747E-02 0.42888E-02
0.27000E+02 0.13000E+00 0.79882E-01 0.38264E+00 0.52611E-02 0.42604E-02
0.27000E+02 0.20000E+00 0.51923E-01 0.33755E+00 0.41726E-02 0.37843E-02
0.27000E+02 0.32000E+00 0.32452E-01 0.25752E+00 0.26656E-02 0.27650E-02
0.27000E+02 0.50000E+00 0.20769E-01 0.12270E+00 0.21514E-02 0.21944E-02
0.27000E+02 0.80000E+00 0.12981E-01 0.43185E-02 0.41002E-03 0.58712E-03
0.35000E+02 0.20000E-01 0.67308E+00 0.55718E+00 0.43266E-02 0.46431E-02
0.35000E+02 0.32000E-01 0.42067E+00 0.51847E+00 0.42498E-02 0.42487E-02
0.35000E+02 0.50000E-01 0.26923E+00 0.47307E+00 0.44102E-02 0.41365E-02
0.35000E+02 0.80000E-01 0.16827E+00 0.42811E+00 0.48634E-02 0.41773E-02
0.35000E+02 0.13000E+00 0.10355E+00 0.38280E+00 0.49603E-02 0.41099E-02
0.35000E+02 0.20000E+00 0.67308E-01 0.33488E+00 0.38960E-02 0.36108E-02
0.35000E+02 0.32000E+00 0.42067E-01 0.25208E+00 0.25635E-02 0.26676E-02
0.35000E+02 0.50000E+00 0.26923E-01 0.11736E+00 0.20577E-02 0.20887E-02
0.35000E+02 0.80000E+00 0.16827E-01 0.39192E-02 0.37678E-03 0.54909E-03
0.45000E+02 0.20000E-01 0.86538E+00 0.54521E+00 0.41229E-02 0.44127E-02
0.45000E+02 0.32000E-01 0.54087E+00 0.52276E+00 0.41590E-02 0.41774E-02
0.45000E+02 0.50000E-01 0.34615E+00 0.47859E+00 0.43030E-02 0.40758E-02
0.45000E+02 0.80000E-01 0.21635E+00 0.43115E+00 0.46735E-02 0.40785E-02
0.45000E+02 0.13000E+00 0.13314E+00 0.38279E+00 0.46957E-02 0.39766E-02
0.45000E+02 0.20000E+00 0.86539E-01 0.33231E+00 0.36591E-02 0.34579E-02
0.45000E+02 0.32000E+00 0.54087E-01 0.24704E+00 0.24769E-02 0.26006E-02
0.45000E+02 0.50000E+00 0.34615E-01 0.11260E+00 0.19742E-02 0.19951E-02
0.45000E+02 0.80000E+00 0.21635E-01 0.35825E-02 0.34838E-03 0.51594E-03
0.60000E+02 0.32000E-01 0.72115E+00 0.51915E+00 0.40394E-02 0.40585E-02
0.60000E+02 0.50000E-01 0.46154E+00 0.48240E+00 0.41940E-02 0.40088E-02
0.60000E+02 0.80000E-01 0.28846E+00 0.43387E+00 0.44821E-02 0.39800E-02
0.60000E+02 0.13000E+00 0.17752E+00 0.38252E+00 0.44247E-02 0.38389E-02
0.60000E+02 0.20000E+00 0.11539E+00 0.32932E+00 0.34220E-02 0.33001E-02
0.60000E+02 0.32000E+00 0.72115E-01 0.24151E+00 0.23887E-02 0.25373E-02
0.60000E+02 0.50000E+00 0.46154E-01 0.10757E+00 0.18862E-02 0.18974E-02
0.60000E+02 0.80000E+00 0.28846E-01 0.32472E-02 0.31967E-03 0.48176E-03
0.70000E+02 0.32000E-01 0.84135E+00 0.51170E+00 0.39677E-02 0.39729E-02
0.70000E+02 0.50000E-01 0.53846E+00 0.48286E+00 0.41473E-02 0.39763E-02
0.70000E+02 0.80000E-01 0.33654E+00 0.43488E+00 0.43905E-02 0.39325E-02
0.70000E+02 0.13000E+00 0.20710E+00 0.38227E+00 0.42942E-02 0.37729E-02
0.70000E+02 0.20000E+00 0.13462E+00 0.32770E+00 0.33087E-02 0.32225E-02
0.70000E+02 0.32000E+00 0.84135E-01 0.23864E+00 0.23465E-02 0.25068E-02
0.70000E+02 0.50000E+00 0.53846E-01 0.10504E+00 0.18420E-02 0.18488E-02
0.70000E+02 0.80000E+00 0.33654E-01 0.30864E-02 0.30572E-03 0.46491E-03
0.90000E+02 0.50000E-01 0.69231E+00 0.47957E+00 0.40883E-02 0.39233E-02
0.90000E+02 0.80000E-01 0.43269E+00 0.43571E+00 0.42713E-02 0.38711E-02
0.90000E+02 0.13000E+00 0.26627E+00 0.38166E+00 0.41027E-02 0.36758E-02
0.90000E+02 0.18000E+00 0.17308E+00 0.34035E+00 0.34435E-02 0.33112E-02
0.90000E+02 0.32000E+00 0.10817E+00 0.23413E+00 0.22821E-02 0.24598E-02
0.90000E+02 0.50000E+00 0.69231E-01 0.10115E+00 0.17745E-02 0.17747E-02
0.90000E+02 0.80000E+00 0.43269E-01 0.28484E-02 0.28487E-03 0.43935E-03
0.12000E+03 0.80000E-01 0.71006E+00 0.42865E+00 0.42826E-02 0.38688E-02
0.12000E+03 0.13000E+00 0.35503E+00 0.38072E+00 0.39242E-02 0.35892E-02
0.12000E+03 0.18000E+00 0.25641E+00 0.33795E+00 0.32709E-02 0.32027E-02
0.12000E+03 0.25000E+00 0.18462E+00 0.28350E+00 0.24520E-02 0.25040E-02
0.12000E+03 0.40000E+00 0.11539E+00 0.16719E+00 0.21719E-02 0.23862E-02
0.12000E+03 0.65000E+00 0.71006E-01 0.27091E-01 0.85616E-03 0.88825E-03
0.15000E+03 0.80000E-01 0.88757E+00 0.42148E+00 0.43316E-02 0.38877E-02
0.15000E+03 0.13000E+00 0.44379E+00 0.37976E+00 0.38247E-02 0.35481E-02
0.15000E+03 0.18000E+00 0.32051E+00 0.33623E+00 0.31607E-02 0.31348E-02
0.15000E+03 0.25000E+00 0.23077E+00 0.28064E+00 0.23866E-02 0.24408E-02
0.15000E+03 0.40000E+00 0.14423E+00 0.16353E+00 0.21239E-02 0.23318E-02
0.15000E+03 0.65000E+00 0.88757E-01 0.25876E-01 0.82682E-03 0.85728E-03
0.20000E+03 0.13000E+00 0.59172E+00 0.37803E+00 0.37688E-02 0.35480E-02
0.20000E+03 0.18000E+00 0.42735E+00 0.33426E+00 0.30588E-02 0.30792E-02
0.20000E+03 0.25000E+00 0.30769E+00 0.27736E+00 0.23188E-02 0.23761E-02
0.20000E+03 0.40000E+00 0.19231E+00 0.15920E+00 0.20674E-02 0.22660E-02
0.20000E+03 0.65000E+00 0.11834E+00 0.24452E-01 0.79232E-03 0.82047E-03
0.25000E+03 0.13000E+00 0.73964E+00 0.37578E+00 0.38008E-02 0.36039E-02
0.25000E+03 0.18000E+00 0.53419E+00 0.33302E+00 0.30205E-02 0.30728E-02
0.25000E+03 0.25000E+00 0.38461E+00 0.27529E+00 0.22802E-02 0.23507E-02
0.25000E+03 0.40000E+00 0.24038E+00 0.15620E+00 0.20281E-02 0.22193E-02
0.25000E+03 0.65000E+00 0.14793E+00 0.23454E-01 0.76798E-03 0.79448E-03
0.30000E+03 0.13000E+00 0.88757E+00 0.37275E+00 0.38821E-02 0.36868E-02
0.30000E+03 0.18000E+00 0.64103E+00 0.33217E+00 0.30243E-02 0.31019E-02
0.30000E+03 0.25000E+00 0.46154E+00 0.27404E+00 0.22599E-02 0.23459E-02
0.30000E+03 0.40000E+00 0.28846E+00 0.15404E+00 0.19991E-02 0.21843E-02
0.30000E+03 0.65000E+00 0.17752E+00 0.22708E-01 0.74977E-03 0.77493E-03
0.40000E+03 0.18000E+00 0.85470E+00 0.33050E+00 0.31058E-02 0.32379E-02
0.40000E+03 0.25000E+00 0.61538E+00 0.27314E+00 0.22551E-02 0.23786E-02
0.40000E+03 0.40000E+00 0.38461E+00 0.15133E+00 0.19621E-02 0.21376E-02
0.40000E+03 0.65000E+00 0.23669E+00 0.21663E-01 0.72425E-03 0.74754E-03
0.50000E+03 0.25000E+00 0.76923E+00 0.27324E+00 0.22801E-02 0.24456E-02
0.50000E+03 0.40000E+00 0.48077E+00 0.15002E+00 0.19428E-02 0.21105E-02
0.50000E+03 0.65000E+00 0.29586E+00 0.20977E-01 0.70807E-03 0.72966E-03
0.65000E+03 0.40000E+00 0.62500E+00 0.14967E+00 0.19349E-02 0.20936E-02
0.65000E+03 0.65000E+00 0.38461E+00 0.20341E-01 0.69486E-03 0.71350E-03
0.80000E+03 0.40000E+00 0.76923E+00 0.15030E+00 0.19417E-02 0.20933E-02
0.80000E+03 0.65000E+00 0.47337E+00 0.20000E-01 0.69124E-03 0.70563E-03
0.10000E+04 0.65000E+00 0.59172E+00 0.19828E-01 0.69810E-03 0.70338E-03
0.12000E+04 0.65000E+00 0.71006E+00 0.19843E-01 0.71501E-03 0.70668E-03
0.15000E+04 0.65000E+00 0.88757E+00 0.19968E-01 0.74759E-03 0.71433E-03
