0.35000E+01 0.80000E-03 0.84135E+00 0.59566E+00 0.77028E-02 0.95129E-02
0.35000E+01 0.13000E-02 0.51775E+00 0.58562E+00 0.59529E-02 0.97751E-02
0.35000E+01 0.20000E-02 0.33654E+00 0.55660E+00 0.59542E-02 0.96634E-02
0.35000E+01 0.32000E-02 0.21034E+00 0.52162E+00 0.60930E-02 0.93872E-02
0.35000E+01 0.50000E-02 0.13462E+00 0.49071E+00 0.62139E-02 0.89217E-02
0.35000E+01 0.80000E-02 0.84135E-01 0.46225E+00 0.62261E-02 0.81550E-02
0.35000E+01 0.13000E-01 0.51775E-01 0.43765E+00 0.60724E-02 0.71350E-02
0.35000E+01 0.20000E-01 0.33654E-01 0.41996E+00 0.58438E-02 0.61970E-02
0.35000E+01 0.32000E-01 0.21034E-01 0.40494E+00 0.57229E-02 0.54659E-02
0.35000E+01 0.50000E-01 0.13461E-01 0.39457E+00 0.60723E-02 0.52420E-02
0.35000E+01 0.80000E-01 0.84135E-02 0.38597E+00 0.71120E-02 0.54451E-02
0.35000E+01 0.13000E+00 0.51775E-02 0.37513E+00 0.81271E-02 0.56704E-02
0.45000E+01 0.13000E-02 0.66568E+00 0.62575E+00 0.59127E-02 0.93631E-02
0.45000E+01 0.20000E-02 0.43269E+00 0.60390E+00 0.58187E-02 0.90339E-02
0.45000E+01 0.32000E-02 0.27043E+00 0.56594E+00 0.59148E-02 0.87613E-02
0.45000E+01 0.50000E-02 0.17308E+00 0.52928E+00 0.60023E-02 0.83822E-02
0.45000E+01 0.80000E-02 0.10817E+00 0.49423E+00 0.59781E-02 0.77169E-02
0.45000E+01 0.13000E-01 0.66568E-01 0.46306E+00 0.58015E-02 0.67788E-02
0.45000E+01 0.20000E-01 0.43269E-01 0.44000E+00 0.55685E-02 0.58959E-02
0.45000E+01 0.32000E-01 0.27043E-01 0.41971E+00 0.54719E-02 0.52284E-02
0.45000E+01 0.50000E-01 0.17308E-01 0.40489E+00 0.58606E-02 0.50777E-02
0.45000E+01 0.80000E-01 0.10817E-01 0.39218E+00 0.69084E-02 0.53208E-02
0.45000E+01 0.13000E+00 0.66568E-02 0.37750E+00 0.78306E-02 0.55362E-02
0.65000E+01 0.20000E-02 0.62500E+00 0.65990E+00 0.57504E-02 0.84430E-02
0.65000E+01 0.32000E-02 0.39062E+00 0.62799E+00 0.57816E-02 0.80400E-02
0.65000E+01 0.50000E-02 0.25000E+00 0.58517E+00 0.58078E-02 0.77465E-02
0.65000E+01 0.80000E-02 0.15625E+00 0.54078E+00 0.57204E-02 0.72038E-02
0.65000E+01 0.13000E-01 0.96154E-01 0.49984E+00 0.54900E-02 0.63645E-02
0.65000E+01 0.20000E-01 0.62500E-01 0.46877E+00 0.52327E-02 0.55380E-02
0.65000E+01 0.32000E-01 0.39062E-01 0.44062E+00 0.51400E-02 0.49270E-02
0.65000E+01 0.50000E-01 0.25000E-01 0.41919E+00 0.55379E-02 0.48435E-02
0.65000E+01 0.80000E-01 0.15625E-01 0.40028E+00 0.65380E-02 0.51041E-02
0.65000E+01 0.13000E+00 0.96154E-02 0.37984E+00 0.73151E-02 0.52888E-02
0.65000E+01 0.20000E+00 0.62500E-02 0.35278E+00 0.62580E-02 0.49881E-02
0.85000E+01 0.20000E-02 0.81731E+00 0.67640E+00 0.57316E-02 0.83717E-02
0.85000E+01 0.32000E-02 0.51082E+00 0.66667E+00 0.57369E-02 0.76735E-02
0.85000E+01 0.50000E-02 0.32692E+00 0.62428E+00 0.57316E-02 0.73927E-02
0.85000E+01 0.80000E-02 0.20433E+00 0.57422E+00 0.56043E-02 0.69218E-02
0.85000E+01 0.13000E-01 0.12574E+00 0.52629E+00 0.53268E-02 0.61390E-02
0.85000E+01 0.20000E-01 0.81731E-01 0.48934E+00 0.50387E-02 0.53426E-02
0.85000E+01 0.32000E-01 0.51082E-01 0.45540E+00 0.49328E-02 0.47477E-02
0.85000E+01 0.50000E-01 0.32692E-01 0.42911E+00 0.53113E-02 0.46866E-02
0.85000E+01 0.80000E-01 0.20433E-01 0.40562E+00 0.62437E-02 0.49351E-02
0.85000E+01 0.13000E+00 0.12574E-01 0.38094E+00 0.69074E-02 0.50867E-02
0.85000E+01 0.20000E+00 0.81731E-02 0.35020E+00 0.58103E-02 0.47459E-02
0.85000E+01 0.32000E+00 0.51082E-02 0.28599E+00 0.32819E-02 0.33337E-02
0.10000E+02 0.32000E-02 0.60096E+00 0.68410E+00 0.57087E-02 0.75220E-02
0.10000E+02 0.50000E-02 0.38461E+00 0.64632E+00 0.57104E-02 0.72253E-02
0.10000E+02 0.80000E-02 0.24038E+00 0.59401E+00 0.55599E-02 0.67850E-02
0.10000E+02 0.13000E-01 0.14793E+00 0.54211E+00 0.52538E-02 0.60311E-02
0.10000E+02 0.20000E-01 0.96154E-01 0.50161E+00 0.49433E-02 0.52470E-02
0.10000E+02 0.32000E-01 0.60096E-01 0.46415E+00 0.48229E-02 0.46575E-02
0.10000E+02 0.50000E-01 0.38462E-01 0.43490E+00 0.51810E-02 0.46004E-02
0.10000E+02 0.80000E-01 0.24039E-01 0.40865E+00 0.60642E-02 0.48321E-02
0.10000E+02 0.13000E+00 0.14793E-01 0.38142E+00 0.66573E-02 0.49609E-02
0.10000E+02 0.20000E+00 0.96154E-02 0.34850E+00 0.55485E-02 0.45993E-02
0.10000E+02 0.32000E+00 0.60096E-02 0.28164E+00 0.31771E-02 0.32410E-02
0.12000E+02 0.32000E-02 0.72115E+00 0.69453E+00 0.56447E-02 0.74082E-02
0.12000E+02 0.50000E-02 0.46154E+00 0.66838E+00 0.56860E-02 0.70672E-02
0.12000E+02 0.80000E-02 0.28846E+00 0.61551E+00 0.55268E-02 0.66600E-02
0.12000E+02 0.13000E-01 0.17752E+00 0.55958E+00 0.51910E-02 0.59350E-02
0.12000E+02 0.20000E-01 0.11539E+00 0.51520E+00 0.48541E-02 0.51609E-02
0.12000E+02 0.32000E-01 0.72115E-01 0.47379E+00 0.47109E-02 0.45726E-02
0.12000E+02 0.50000E-01 0.46154E-01 0.44122E+00 0.50415E-02 0.45127E-02
0.12000E+02 0.80000E-01 0.28846E-01 0.41189E+00 0.58650E-02 0.47195E-02
0.12000E+02 0.13000E+00 0.17751E-01 0.38183E+00 0.63792E-02 0.48208E-02
0.12000E+02 0.20000E+00 0.11539E-01 0.34652E+00 0.52643E-02 0.44367E-02
0.12000E+02 0.32000E+00 0.72115E-02 0.27688E+00 0.30687E-02 0.31417E-02
0.15000E+02 0.32000E-02 0.90144E+00 0.68788E+00 0.54186E-02 0.74449E-02
0.15000E+02 0.50000E-02 0.57692E+00 0.68872E+00 0.56213E-02 0.69228E-02
0.15000E+02 0.80000E-02 0.36058E+00 0.64005E+00 0.55288E-02 0.65126E-02
0.15000E+02 0.13000E-01 0.22189E+00 0.58042E+00 0.51882E-02 0.57982E-02
0.15000E+02 0.20000E-01 0.14423E+00 0.53150E+00 0.48290E-02 0.50254E-02
0.15000E+02 0.32000E-01 0.90144E-01 0.48533E+00 0.46503E-02 0.44303E-02
0.15000E+02 0.50000E-01 0.57692E-01 0.44871E+00 0.49258E-02 0.43661E-02
0.15000E+02 0.80000E-01 0.36058E-01 0.41564E+00 0.56560E-02 0.45531E-02
0.15000E+02 0.13000E+00 0.22189E-01 0.38218E+00 0.60616E-02 0.46367E-02
0.15000E+02 0.20000E+00 0.14423E-01 0.34403E+00 0.49368E-02 0.42401E-02
0.15000E+02 0.32000E+00 0.90144E-02 0.27123E+00 0.29396E-02 0.30345E-02
0.15000E+02 0.50000E+00 0.57692E-02 0.13694E+00 0.23980E-02 0.24866E-02
0.18000E+02 0.50000E-02 0.69231E+00 0.69628E+00 0.57780E-02 0.67191E-02
0.18000E+02 0.80000E-02 0.43269E+00 0.65768E+00 0.53363E-02 0.66595E-02
0.18000E+02 0.13000E-01 0.26627E+00 0.59681E+00 0.47627E-02 0.61779E-02
0.18000E+02 0.20000E-01 0.17308E+00 0.54459E+00 0.42917E-02 0.55043E-02
0.18000E+02 0.32000E-01 0.10817E+00 0.49464E+00 0.40964E-02 0.49249E-02
0.18000E+02 0.50000E-01 0.69231E-01 0.45474E+00 0.44462E-02 0.47624E-02
0.18000E+02 0.80000E-01 0.43269E-01 0.41863E+00 0.52308E-02 0.47808E-02
0.18000E+02 0.13000E+00 0.26627E-01 0.38240E+00 0.56745E-02 0.46703E-02
0.18000E+02 0.20000E+00 0.17308E-01 0.34198E+00 0.46582E-02 0.41264E-02
0.18000E+02 0.32000E+00 0.10817E-01 0.26676E+00 0.29023E-02 0.28948E-02
0.18000E+02 0.50000E+00 0.69231E-02 0.13214E+00 0.23535E-02 0.23313E-02
0.22000E+02 0.50000E-02 0.84615E+00 0.68908E+00 0.53474E-02 0.65547E-02
0.22000E+02 0.80000E-02 0.52885E+00 0.67205E+00 0.54172E-02 0.63091E-02
0.22000E+02 0.13000E-01 0.32544E+00 0.61319E+00 0.50788E-02 0.57199E-02
0.22000E+02 0.20000E-01 0.21154E+00 0.55810E+00 0.46734E-02 0.49854E-02
0.22000E+02 0.32000E-01 0.13221E+00 0.50431E+00 0.44400E-02 0.43801E-02
0.22000E+02 0.50000E-01 0.84615E-01 0.46096E+00 0.46515E-02 0.42741E-02
0.22000E+02 0.80000E-01 0.52885E-01 0.42162E+00 0.52575E-02 0.43830E-02
0.22000E+02 0.13000E+00 0.32544E-01 0.38249E+00 0.55199E-02 0.43856E-02
0.22000E+02 0.20000E+00 0.21154E-01 0.33973E+00 0.44211E-02 0.39300E-02
0.22000E+02 0.32000E+00 0.13221E-01 0.26206E+00 0.27586E-02 0.28429E-02
0.22000E+02 0.50000E+00 0.84615E-02 0.12726E+00 0.22358E-02 0.22806E-02
0.22000E+02 0.80000E+00 0.52885E-02 0.46772E-02 0.44063E-03 0.62013E-03
0.27000E+02 0.80000E-02 0.64904E+00 0.67948E+00 0.52582E-02 0.61836E-02
0.27000E+02 0.13000E-01 0.39941E+00 0.62828E+00 0.50247E-02 0.56751E-02
0.27000E+02 0.20000E-01 0.25961E+00 0.57153E+00 0.46256E-02 0.49597E-02
0.27000E+02 0.32000E-01 0.16226E+00 0.51411E+00 0.43696E-02 0.43452E-02
0.27000E+02 0.50000E-01 0.10385E+00 0.46730E+00 0.45382E-02 0.42130E-02
0.27000E+02 0.80000E-01 0.64904E-01 0.42472E+00 0.50705E-02 0.42873E-02
0.27000E+02 0.13000E+00 0.39941E-01 0.38268E+00 0.52581E-02 0.42585E-02
0.27000E+02 0.20000E+00 0.25961E-01 0.33754E+00 0.41715E-02 0.37833E-02
0.27000E+02 0.32000E+00 0.16226E-01 0.25751E+00 0.26655E-02 0.27648E-02
0.27000E+02 0.50000E+00 0.10385E-01 0.12269E+00 0.21514E-02 0.21943E-02
0.27000E+02 0.80000E+00 0.64904E-02 0.43184E-02 0.41001E-03 0.58713E-03
0.35000E+02 0.80000E-02 0.84135E+00 0.67098E+00 0.49846E-02 0.59283E-02
0.35000E+02 0.13000E-01 0.51775E+00 0.64237E+00 0.49547E-02 0.55964E-02
0.35000E+02 0.20000E-01 0.33654E+00 0.58701E+00 0.45820E-02 0.49320E-02
0.35000E+02 0.32000E-01 0.21034E+00 0.52595E+00 0.42976E-02 0.43115E-02
0.35000E+02 0.50000E-01 0.13462E+00 0.47504E+00 0.44109E-02 0.41437E-02
0.35000E+02 0.80000E-01 0.84135E-01 0.42855E+00 0.48556E-02 0.41740E-02
0.35000E+02 0.13000E+00 0.51775E-01 0.38286E+00 0.49553E-02 0.41065E-02
0.35000E+02 0.20000E+00 0.33654E-01 0.33487E+00 0.38942E-02 0.36092E-02
0.35000E+02 0.32000E+00 0.21034E-01 0.25206E+00 0.25632E-02 0.26673E-02
0.35000E+02 0.50000E+00 0.13461E-01 0.11735E+00 0.20576E-02 0.20886E-02
0.35000E+02 0.80000E+00 0.84135E-02 0.39190E-02 0.37676E-03 0.54911E-03
0.45000E+02 0.13000E-01 0.66568E+00 0.64613E+00 0.48206E-02 0.54581E-02
0.45000E+02 0.20000E-01 0.43269E+00 0.59886E+00 0.45322E-02 0.48970E-02
0.45000E+02 0.32000E-01 0.27043E+00 0.53639E+00 0.42365E-02 0.42849E-02
0.45000E+02 0.50000E-01 0.17308E+00 0.48203E+00 0.43013E-02 0.40864E-02
0.45000E+02 0.80000E-01 0.10817E+00 0.43188E+00 0.46596E-02 0.40723E-02
0.45000E+02 0.13000E+00 0.66568E-01 0.38288E+00 0.46874E-02 0.39709E-02
0.45000E+02 0.20000E+00 0.43269E-01 0.33229E+00 0.36563E-02 0.34552E-02
0.45000E+02 0.32000E+00 0.27043E-01 0.24701E+00 0.24764E-02 0.26003E-02
0.45000E+02 0.50000E+00 0.17308E-01 0.11259E+00 0.19740E-02 0.19950E-02
0.45000E+02 0.80000E+00 0.10817E-01 0.35823E-02 0.34836E-03 0.51596E-03
0.60000E+02 0.13000E-01 0.88757E+00 0.63034E+00 0.45392E-02 0.51610E-02
0.60000E+02 0.20000E-01 0.57692E+00 0.60566E+00 0.44392E-02 0.48113E-02
0.60000E+02 0.32000E-01 0.36058E+00 0.54625E+00 0.41713E-02 0.42533E-02
0.60000E+02 0.50000E-01 0.23077E+00 0.48907E+00 0.41858E-02 0.40253E-02
0.60000E+02 0.80000E-01 0.14423E+00 0.43522E+00 0.44553E-02 0.39673E-02
0.60000E+02 0.13000E+00 0.88757E-01 0.38268E+00 0.44098E-02 0.38284E-02
0.60000E+02 0.20000E+00 0.57692E-01 0.32927E+00 0.34173E-02 0.32954E-02
0.60000E+02 0.32000E+00 0.36058E-01 0.24146E+00 0.23880E-02 0.25367E-02
0.60000E+02 0.50000E+00 0.23077E-01 0.10755E+00 0.18859E-02 0.18972E-02
0.60000E+02 0.80000E+00 0.14423E-01 0.32469E-02 0.31963E-03 0.48180E-03
0.70000E+02 0.20000E-01 0.67308E+00 0.60438E+00 0.43637E-02 0.47306E-02
0.70000E+02 0.32000E-01 0.42067E+00 0.55021E+00 0.41362E-02 0.42321E-02
0.70000E+02 0.50000E-01 0.26923E+00 0.49245E+00 0.41321E-02 0.39971E-02
0.70000E+02 0.80000E-01 0.16827E+00 0.43677E+00 0.43524E-02 0.39139E-02
0.70000E+02 0.13000E+00 0.10355E+00 0.38248E+00 0.42739E-02 0.37583E-02
0.70000E+02 0.20000E+00 0.67308E-01 0.32763E+00 0.33024E-02 0.32162E-02
0.70000E+02 0.32000E+00 0.42067E-01 0.23857E+00 0.23455E-02 0.25060E-02
0.70000E+02 0.50000E+00 0.26923E-01 0.10502E+00 0.18416E-02 0.18485E-02
0.70000E+02 0.80000E+00 0.16827E-01 0.30859E-02 0.30567E-03 0.46495E-03
0.90000E+02 0.20000E-01 0.86538E+00 0.59132E+00 0.41877E-02 0.45251E-02
0.90000E+02 0.32000E-01 0.54087E+00 0.55345E+00 0.40743E-02 0.41835E-02
0.90000E+02 0.50000E-01 0.34615E+00 0.49695E+00 0.40516E-02 0.39529E-02
0.90000E+02 0.80000E-01 0.21635E+00 0.43906E+00 0.42032E-02 0.38368E-02
0.90000E+02 0.13000E+00 0.13314E+00 0.38201E+00 0.40687E-02 0.36509E-02
0.90000E+02 0.18000E+00 0.86539E-01 0.34026E+00 0.34305E-02 0.32991E-02
0.90000E+02 0.32000E+00 0.54087E-01 0.23402E+00 0.22805E-02 0.24586E-02
0.90000E+02 0.50000E+00 0.34615E-01 0.10111E+00 0.17738E-02 0.17742E-02
0.90000E+02 0.80000E+00 0.21635E-01 0.28477E-02 0.28480E-03 0.43943E-03
0.12000E+03 0.25000E-01 0.92308E+00 0.56222E+00 0.39904E-02 0.41831E-02
0.12000E+03 0.40000E-01 0.57692E+00 0.52695E+00 0.39721E-02 0.39916E-02
0.12000E+03 0.80000E-01 0.35503E+00 0.44029E+00 0.40791E-02 0.37771E-02
0.12000E+03 0.13000E+00 0.17752E+00 0.38137E+00 0.38624E-02 0.35429E-02
0.12000E+03 0.18000E+00 0.12821E+00 0.33783E+00 0.32444E-02 0.31778E-02
0.12000E+03 0.25000E+00 0.92308E-01 0.28324E+00 0.24454E-02 0.24950E-02
0.12000E+03 0.40000E+00 0.57692E-01 0.16705E+00 0.21704E-02 0.23851E-02
0.12000E+03 0.65000E+00 0.35503E-01 0.27076E-01 0.85565E-03 0.88783E-03
0.15000E+03 0.40000E-01 0.72115E+00 0.52303E+00 0.39304E-02 0.39481E-02
0.15000E+03 0.80000E-01 0.44379E+00 0.44088E+00 0.40042E-02 0.37454E-02
0.15000E+03 0.13000E+00 0.22189E+00 0.38087E+00 0.37255E-02 0.34728E-02
0.15000E+03 0.18000E+00 0.16026E+00 0.33602E+00 0.31195E-02 0.30952E-02
0.15000E+03 0.25000E+00 0.11539E+00 0.28023E+00 0.23767E-02 0.24269E-02
0.15000E+03 0.40000E+00 0.72115E-01 0.16332E+00 0.21217E-02 0.23301E-02
0.15000E+03 0.65000E+00 0.44379E-01 0.25853E-01 0.82605E-03 0.85662E-03
0.20000E+03 0.80000E-01 0.59172E+00 0.44010E+00 0.39699E-02 0.37473E-02
0.20000E+03 0.13000E+00 0.29586E+00 0.38038E+00 0.35860E-02 0.34082E-02
0.20000E+03 0.18000E+00 0.21368E+00 0.33393E+00 0.29852E-02 0.30062E-02
0.20000E+03 0.25000E+00 0.15385E+00 0.27661E+00 0.23014E-02 0.23510E-02
0.20000E+03 0.40000E+00 0.96154E-01 0.15882E+00 0.20634E-02 0.22630E-02
0.20000E+03 0.65000E+00 0.59172E-01 0.24414E-01 0.79105E-03 0.81934E-03
0.25000E+03 0.80000E-01 0.73964E+00 0.43739E+00 0.40142E-02 0.37961E-02
0.25000E+03 0.13000E+00 0.36982E+00 0.38023E+00 0.35131E-02 0.33862E-02
0.25000E+03 0.18000E+00 0.26709E+00 0.33263E+00 0.29043E-02 0.29558E-02
0.25000E+03 0.25000E+00 0.19231E+00 0.27411E+00 0.22530E-02 0.23052E-02
0.25000E+03 0.40000E+00 0.12019E+00 0.15561E+00 0.20218E-02 0.22145E-02
0.25000E+03 0.65000E+00 0.73965E-01 0.23396E-01 0.76608E-03 0.79274E-03
0.30000E+03 0.80000E-01 0.88757E+00 0.43292E+00 0.41062E-02 0.38684E-02
0.30000E+03 0.13000E+00 0.44379E+00 0.38034E+00 0.34855E-02 0.33965E-02
0.30000E+03 0.18000E+00 0.32051E+00 0.33192E+00 0.28565E-02 0.29315E-02
0.30000E+03 0.25000E+00 0.23077E+00 0.27237E+00 0.22204E-02 0.22799E-02
0.30000E+03 0.40000E+00 0.14423E+00 0.15318E+00 0.19900E-02 0.21773E-02
0.30000E+03 0.65000E+00 0.88757E-01 0.22626E-01 0.74709E-03 0.77244E-03
0.40000E+03 0.13000E+00 0.59172E+00 0.38107E+00 0.35276E-02 0.34969E-02
0.40000E+03 0.18000E+00 0.42735E+00 0.33177E+00 0.28265E-02 0.29483E-02
0.40000E+03 0.25000E+00 0.30769E+00 0.27044E+00 0.21848E-02 0.22616E-02
0.40000E+03 0.40000E+00 0.19231E+00 0.14981E+00 0.19458E-02 0.21244E-02
0.40000E+03 0.65000E+00 0.11834E+00 0.21521E-01 0.71958E-03 0.74316E-03
0.50000E+03 0.13000E+00 0.73964E+00 0.38186E+00 0.36624E-02 0.36798E-02
0.50000E+03 0.18000E+00 0.53419E+00 0.33282E+00 0.28577E-02 0.30361E-02
0.50000E+03 0.25000E+00 0.38461E+00 0.26995E+00 0.21759E-02 0.22740E-02
0.50000E+03 0.40000E+00 0.24038E+00 0.14769E+00 0.19173E-02 0.20888E-02
0.50000E+03 0.65000E+00 0.14793E+00 0.20760E-01 0.70069E-03 0.72288E-03
0.65000E+03 0.18000E+00 0.69444E+00 0.33561E+00 0.29862E-02 0.32465E-02
0.65000E+03 0.25000E+00 0.50000E+00 0.27107E+00 0.21975E-02 0.23366E-02
0.65000E+03 0.40000E+00 0.31250E+00 0.14598E+00 0.18933E-02 0.20551E-02
0.65000E+03 0.65000E+00 0.19231E+00 0.19984E-01 0.68171E-03 0.70216E-03
0.80000E+03 0.18000E+00 0.85470E+00 0.33840E+00 0.31672E-02 0.34950E-02
0.80000E+03 0.25000E+00 0.61538E+00 0.27369E+00 0.22513E-02 0.24414E-02
0.80000E+03 0.40000E+00 0.38461E+00 0.14548E+00 0.18840E-02 0.20385E-02
0.80000E+03 0.65000E+00 0.23669E+00 0.19475E-01 0.66991E-03 0.68878E-03
0.10000E+04 0.25000E+00 0.76923E+00 0.27819E+00 0.23554E-02 0.26210E-02
0.10000E+04 0.40000E+00 0.48077E+00 0.14612E+00 0.18881E-02 0.20363E-02
0.10000E+04 0.65000E+00 0.29586E+00 0.19057E-01 0.66188E-03 0.67830E-03
0.12000E+04 0.25000E+00 0.92308E+00 0.28207E+00 0.24641E-02 0.27965E-02
0.12000E+04 0.40000E+00 0.57692E+00 0.14779E+00 0.19103E-02 0.20493E-02
0.12000E+04 0.65000E+00 0.35503E+00 0.18841E-01 0.66080E-03 0.67368E-03
0.15000E+04 0.40000E+00 0.72115E+00 0.15134E+00 0.19707E-02 0.20860E-02
0.15000E+04 0.65000E+00 0.44379E+00 0.18770E-01 0.67051E-03 0.67448E-03
0.20000E+04 0.65000E+00 0.59172E+00 0.19076E-01 0.71328E-03 0.68929E-03
0.30000E+04 0.65000E+00 0.88757E+00 0.20152E-01 0.84678E-03 0.73396E-03
