0.35000E+01 0.50000E-03 0.70000E+00 0.67258E+00 0.78319E-02 0.84265E-02
0.35000E+01 0.80000E-03 0.43750E+00 0.64381E+00 0.60071E-02 0.93808E-02
0.35000E+01 0.13000E-02 0.26923E+00 0.60023E+00 0.58865E-02 0.96072E-02
0.35000E+01 0.20000E-02 0.17500E+00 0.56170E+00 0.59435E-02 0.95664E-02
0.35000E+01 0.32000E-02 0.10938E+00 0.52335E+00 0.60914E-02 0.93520E-02
0.35000E+01 0.50000E-02 0.70000E-01 0.49136E+00 0.62155E-02 0.89117E-02
0.35000E+01 0.80000E-02 0.43750E-01 0.46249E+00 0.62281E-02 0.81536E-02
0.35000E+01 0.13000E-01 0.26923E-01 0.43773E+00 0.60737E-02 0.71354E-02
0.35000E+01 0.20000E-01 0.17500E-01 0.42000E+00 0.58445E-02 0.61975E-02
0.35000E+01 0.32000E-01 0.10937E-01 0.40495E+00 0.57232E-02 0.54661E-02
0.35000E+01 0.50000E-01 0.70000E-02 0.39458E+00 0.60724E-02 0.52421E-02
0.45000E+01 0.50000E-03 0.90000E+00 0.70493E+00 0.90436E-02 0.86603E-02
0.45000E+01 0.80000E-03 0.56250E+00 0.70027E+00 0.60061E-02 0.88450E-02
0.45000E+01 0.13000E-02 0.34615E+00 0.65844E+00 0.58081E-02 0.89242E-02
0.45000E+01 0.20000E-02 0.22500E+00 0.61496E+00 0.58209E-02 0.88556E-02
0.45000E+01 0.32000E-02 0.14062E+00 0.56947E+00 0.59209E-02 0.87067E-02
0.45000E+01 0.50000E-02 0.90000E-01 0.53055E+00 0.60080E-02 0.83687E-02
0.45000E+01 0.80000E-02 0.56250E-01 0.49467E+00 0.59821E-02 0.77157E-02
0.45000E+01 0.13000E-01 0.34615E-01 0.46322E+00 0.58036E-02 0.67798E-02
0.45000E+01 0.20000E-01 0.22500E-01 0.44006E+00 0.55695E-02 0.58967E-02
0.45000E+01 0.32000E-01 0.14063E-01 0.41973E+00 0.54723E-02 0.52287E-02
0.45000E+01 0.50000E-01 0.90000E-02 0.40490E+00 0.58607E-02 0.50778E-02
0.45000E+01 0.80000E-01 0.56250E-02 0.39218E+00 0.69084E-02 0.53208E-02
0.65000E+01 0.80000E-03 0.81250E+00 0.75406E+00 0.64271E-02 0.84953E-02
0.65000E+01 0.13000E-02 0.50000E+00 0.73813E+00 0.58735E-02 0.81825E-02
0.65000E+01 0.20000E-02 0.32500E+00 0.69285E+00 0.58165E-02 0.80320E-02
0.65000E+01 0.32000E-02 0.20312E+00 0.63787E+00 0.58222E-02 0.79416E-02
0.65000E+01 0.50000E-02 0.13000E+00 0.58846E+00 0.58282E-02 0.77285E-02
0.65000E+01 0.80000E-02 0.81250E-01 0.54186E+00 0.57306E-02 0.72046E-02
0.65000E+01 0.13000E-01 0.50000E-01 0.50020E+00 0.54945E-02 0.63672E-02
0.65000E+01 0.20000E-01 0.32500E-01 0.46891E+00 0.52347E-02 0.55396E-02
0.65000E+01 0.32000E-01 0.20313E-01 0.44067E+00 0.51407E-02 0.49276E-02
0.65000E+01 0.50000E-01 0.13000E-01 0.41921E+00 0.55381E-02 0.48437E-02
0.65000E+01 0.80000E-01 0.81250E-02 0.40029E+00 0.65380E-02 0.51041E-02
0.85000E+01 0.13000E-02 0.65385E+00 0.78170E+00 0.59711E-02 0.79221E-02
0.85000E+01 0.20000E-02 0.42500E+00 0.74629E+00 0.58972E-02 0.76283E-02
0.85000E+01 0.32000E-02 0.26562E+00 0.68748E+00 0.58412E-02 0.75367E-02
0.85000E+01 0.50000E-02 0.17000E+00 0.63088E+00 0.57785E-02 0.73751E-02
0.85000E+01 0.80000E-02 0.10625E+00 0.57629E+00 0.56242E-02 0.69272E-02
0.85000E+01 0.13000E-01 0.65385E-01 0.52694E+00 0.53347E-02 0.61442E-02
0.85000E+01 0.20000E-01 0.42500E-01 0.48957E+00 0.50418E-02 0.53453E-02
0.85000E+01 0.32000E-01 0.26562E-01 0.45548E+00 0.49338E-02 0.47486E-02
0.85000E+01 0.50000E-01 0.17000E-01 0.42914E+00 0.53116E-02 0.46869E-02
0.85000E+01 0.80000E-01 0.10625E-01 0.40562E+00 0.62437E-02 0.49351E-02
0.85000E+01 0.13000E+00 0.65385E-02 0.38094E+00 0.69073E-02 0.50866E-02
0.10000E+02 0.13000E-02 0.76923E+00 0.79524E+00 0.60186E-02 0.79007E-02
0.10000E+02 0.20000E-02 0.50000E+00 0.77486E+00 0.59594E-02 0.74690E-02
0.10000E+02 0.32000E-02 0.31250E+00 0.71673E+00 0.58851E-02 0.73562E-02
0.10000E+02 0.50000E-02 0.20000E+00 0.65642E+00 0.57855E-02 0.72125E-02
0.10000E+02 0.80000E-02 0.12500E+00 0.59708E+00 0.55897E-02 0.67957E-02
0.10000E+02 0.13000E-01 0.76923E-01 0.54304E+00 0.52648E-02 0.60390E-02
0.10000E+02 0.20000E-01 0.50000E-01 0.50194E+00 0.49475E-02 0.52508E-02
0.10000E+02 0.32000E-01 0.31250E-01 0.46425E+00 0.48242E-02 0.46588E-02
0.10000E+02 0.50000E-01 0.20000E-01 0.43493E+00 0.51812E-02 0.46006E-02
0.10000E+02 0.80000E-01 0.12500E-01 0.40865E+00 0.60641E-02 0.48321E-02
0.10000E+02 0.13000E+00 0.76923E-02 0.38142E+00 0.66572E-02 0.49608E-02
0.12000E+02 0.13000E-02 0.92308E+00 0.79291E+00 0.60691E-02 0.80181E-02
0.12000E+02 0.20000E-02 0.60000E+00 0.80041E+00 0.60156E-02 0.73548E-02
0.12000E+02 0.32000E-02 0.37500E+00 0.74806E+00 0.59459E-02 0.72033E-02
0.12000E+02 0.50000E-02 0.24000E+00 0.68473E+00 0.58118E-02 0.70690E-02
0.12000E+02 0.80000E-02 0.15000E+00 0.62031E+00 0.55740E-02 0.66811E-02
0.12000E+02 0.13000E-01 0.92308E-01 0.56100E+00 0.52073E-02 0.59475E-02
0.12000E+02 0.20000E-01 0.60000E-01 0.51568E+00 0.48600E-02 0.51664E-02
0.12000E+02 0.32000E-01 0.37500E-01 0.47395E+00 0.47126E-02 0.45743E-02
0.12000E+02 0.50000E-01 0.24000E-01 0.44127E+00 0.50418E-02 0.45131E-02
0.12000E+02 0.80000E-01 0.15000E-01 0.41190E+00 0.58648E-02 0.47195E-02
0.12000E+02 0.13000E+00 0.92308E-02 0.38183E+00 0.63790E-02 0.48207E-02
0.12000E+02 0.20000E+00 0.60000E-02 0.34652E+00 0.52642E-02 0.44366E-02
0.15000E+02 0.20000E-02 0.75000E+00 0.81604E+00 0.58795E-02 0.74642E-02
0.15000E+02 0.32000E-02 0.46875E+00 0.78222E+00 0.59584E-02 0.71504E-02
0.15000E+02 0.50000E-02 0.30000E+00 0.71829E+00 0.58591E-02 0.69612E-02
0.15000E+02 0.80000E-02 0.18750E+00 0.64841E+00 0.56123E-02 0.65560E-02
0.15000E+02 0.13000E-01 0.11539E+00 0.58279E+00 0.52149E-02 0.58196E-02
0.15000E+02 0.20000E-01 0.75000E-01 0.53229E+00 0.48380E-02 0.50343E-02
0.15000E+02 0.32000E-01 0.46875E-01 0.48557E+00 0.46527E-02 0.44328E-02
0.15000E+02 0.50000E-01 0.30000E-01 0.44878E+00 0.49261E-02 0.43665E-02
0.15000E+02 0.80000E-01 0.18750E-01 0.41566E+00 0.56557E-02 0.45529E-02
0.15000E+02 0.13000E+00 0.11539E-01 0.38218E+00 0.60613E-02 0.46365E-02
0.15000E+02 0.20000E+00 0.75000E-02 0.34402E+00 0.49366E-02 0.42400E-02
0.18000E+02 0.20000E-02 0.90000E+00 0.80920E+00 0.75160E-02 0.65429E-02
0.18000E+02 0.32000E-02 0.56250E+00 0.80387E+00 0.67480E-02 0.65830E-02
0.18000E+02 0.50000E-02 0.36000E+00 0.74405E+00 0.60993E-02 0.68245E-02
0.18000E+02 0.80000E-02 0.22500E+00 0.67095E+00 0.54545E-02 0.67435E-02
0.18000E+02 0.13000E-01 0.13846E+00 0.60043E+00 0.48007E-02 0.62132E-02
0.18000E+02 0.20000E-01 0.90000E-01 0.54576E+00 0.43043E-02 0.55177E-02
0.18000E+02 0.32000E-01 0.56250E-01 0.49498E+00 0.40996E-02 0.49284E-02
0.18000E+02 0.50000E-01 0.36000E-01 0.45484E+00 0.44465E-02 0.47629E-02
0.18000E+02 0.80000E-01 0.22500E-01 0.41865E+00 0.52303E-02 0.47806E-02
0.18000E+02 0.13000E+00 0.13846E-01 0.38240E+00 0.56741E-02 0.46700E-02
0.18000E+02 0.20000E+00 0.90000E-02 0.34198E+00 0.46580E-02 0.41261E-02
0.18000E+02 0.32000E+00 0.56250E-02 0.26676E+00 0.29023E-02 0.28948E-02
0.22000E+02 0.32000E-02 0.68750E+00 0.81567E+00 0.60170E-02 0.68248E-02
0.22000E+02 0.50000E-02 0.44000E+00 0.76855E+00 0.59527E-02 0.67700E-02
0.22000E+02 0.80000E-02 0.27500E+00 0.69433E+00 0.56315E-02 0.64550E-02
0.22000E+02 0.13000E-01 0.16923E+00 0.61906E+00 0.51415E-02 0.57760E-02
0.22000E+02 0.20000E-01 0.11000E+00 0.55995E+00 0.46925E-02 0.50057E-02
0.22000E+02 0.32000E-01 0.68750E-01 0.50483E+00 0.44442E-02 0.43851E-02
0.22000E+02 0.50000E-01 0.44000E-01 0.46111E+00 0.46517E-02 0.42747E-02
0.22000E+02 0.80000E-01 0.27500E-01 0.42165E+00 0.52566E-02 0.43825E-02
0.22000E+02 0.13000E+00 0.16923E-01 0.38249E+00 0.55193E-02 0.43851E-02
0.22000E+02 0.20000E+00 0.11000E-01 0.33972E+00 0.44208E-02 0.39297E-02
0.22000E+02 0.32000E+00 0.68750E-02 0.26205E+00 0.27585E-02 0.28428E-02
0.27000E+02 0.32000E-02 0.84375E+00 0.81058E+00 0.57066E-02 0.67373E-02
0.27000E+02 0.50000E-02 0.54000E+00 0.78844E+00 0.58731E-02 0.67193E-02
0.27000E+02 0.80000E-02 0.33750E+00 0.71711E+00 0.56196E-02 0.64368E-02
0.27000E+02 0.13000E-01 0.20769E+00 0.63793E+00 0.51261E-02 0.57677E-02
0.27000E+02 0.20000E-01 0.13500E+00 0.57447E+00 0.46549E-02 0.49914E-02
0.27000E+02 0.32000E-01 0.84375E-01 0.51492E+00 0.43756E-02 0.43527E-02
0.27000E+02 0.50000E-01 0.54000E-01 0.46753E+00 0.45382E-02 0.42138E-02
0.27000E+02 0.80000E-01 0.33750E-01 0.42476E+00 0.50691E-02 0.42865E-02
0.27000E+02 0.13000E+00 0.20769E-01 0.38267E+00 0.52571E-02 0.42577E-02
0.27000E+02 0.20000E+00 0.13500E-01 0.33753E+00 0.41710E-02 0.37828E-02
0.27000E+02 0.32000E+00 0.84375E-02 0.25751E+00 0.26654E-02 0.27647E-02
0.27000E+02 0.50000E+00 0.54000E-02 0.12269E+00 0.21513E-02 0.21943E-02
0.35000E+02 0.50000E-02 0.70000E+00 0.79873E+00 0.57612E-02 0.66017E-02
0.35000E+02 0.80000E-02 0.43750E+00 0.74216E+00 0.56310E-02 0.64050E-02
0.35000E+02 0.13000E-01 0.26923E+00 0.66075E+00 0.51403E-02 0.57722E-02
0.35000E+02 0.20000E-01 0.17500E+00 0.59238E+00 0.46330E-02 0.49888E-02
0.35000E+02 0.32000E-01 0.10938E+00 0.52736E+00 0.43070E-02 0.43239E-02
0.35000E+02 0.50000E-01 0.70000E-01 0.47541E+00 0.44105E-02 0.41447E-02
0.35000E+02 0.80000E-01 0.43750E-01 0.42863E+00 0.48532E-02 0.41726E-02
0.35000E+02 0.13000E+00 0.26923E-01 0.38286E+00 0.49536E-02 0.41051E-02
0.35000E+02 0.20000E+00 0.17500E-01 0.33485E+00 0.38935E-02 0.36085E-02
0.35000E+02 0.32000E+00 0.10937E-01 0.25205E+00 0.25630E-02 0.26672E-02
0.35000E+02 0.50000E+00 0.70000E-02 0.11735E+00 0.20576E-02 0.20886E-02
0.45000E+02 0.50000E-02 0.90000E+00 0.78254E+00 0.54721E-02 0.63830E-02
0.45000E+02 0.80000E-02 0.56250E+00 0.75808E+00 0.55895E-02 0.63458E-02
0.45000E+02 0.13000E-01 0.34615E+00 0.68047E+00 0.51504E-02 0.57805E-02
0.45000E+02 0.20000E-01 0.22500E+00 0.60865E+00 0.46204E-02 0.49980E-02
0.45000E+02 0.32000E-01 0.14062E+00 0.53885E+00 0.42514E-02 0.43054E-02
0.45000E+02 0.50000E-01 0.90000E-01 0.48266E+00 0.43000E-02 0.40874E-02
0.45000E+02 0.80000E-01 0.56250E-01 0.43199E+00 0.46555E-02 0.40697E-02
0.45000E+02 0.13000E+00 0.34615E-01 0.38287E+00 0.46847E-02 0.39686E-02
0.45000E+02 0.20000E+00 0.22500E-01 0.33226E+00 0.36552E-02 0.34541E-02
0.45000E+02 0.32000E+00 0.14063E-01 0.24700E+00 0.24762E-02 0.26002E-02
0.45000E+02 0.50000E+00 0.90000E-02 0.11258E+00 0.19739E-02 0.19949E-02
0.45000E+02 0.80000E+00 0.56250E-02 0.35822E-02 0.34835E-03 0.51597E-03
0.60000E+02 0.80000E-02 0.75000E+00 0.75767E+00 0.53982E-02 0.61626E-02
0.60000E+02 0.13000E-01 0.46154E+00 0.69793E+00 0.51310E-02 0.57625E-02
0.60000E+02 0.20000E-01 0.30000E+00 0.62539E+00 0.46049E-02 0.50065E-02
0.60000E+02 0.32000E-01 0.18750E+00 0.55099E+00 0.41970E-02 0.42906E-02
0.60000E+02 0.50000E-01 0.12000E+00 0.49023E+00 0.41824E-02 0.40263E-02
0.60000E+02 0.80000E-01 0.75000E-01 0.43542E+00 0.44475E-02 0.39623E-02
0.60000E+02 0.13000E+00 0.46154E-01 0.38266E+00 0.44050E-02 0.38243E-02
0.60000E+02 0.20000E+00 0.30000E-01 0.32923E+00 0.34154E-02 0.32934E-02
0.60000E+02 0.32000E+00 0.18750E-01 0.24143E+00 0.23876E-02 0.25364E-02
0.60000E+02 0.50000E+00 0.12000E-01 0.10754E+00 0.18857E-02 0.18971E-02
0.60000E+02 0.80000E+00 0.75000E-02 0.32467E-02 0.31961E-03 0.48182E-03
0.70000E+02 0.80000E-02 0.87500E+00 0.74527E+00 0.52063E-02 0.59855E-02
0.70000E+02 0.13000E-01 0.53846E+00 0.70351E+00 0.50941E-02 0.57267E-02
0.70000E+02 0.20000E-01 0.35000E+00 0.63310E+00 0.45939E-02 0.50065E-02
0.70000E+02 0.32000E-01 0.21875E+00 0.55702E+00 0.41709E-02 0.42836E-02
0.70000E+02 0.50000E-01 0.14000E+00 0.49407E+00 0.41267E-02 0.39978E-02
0.70000E+02 0.80000E-01 0.87500E-01 0.43704E+00 0.43415E-02 0.39067E-02
0.70000E+02 0.13000E+00 0.53846E-01 0.38245E+00 0.42674E-02 0.37527E-02
0.70000E+02 0.20000E+00 0.35000E-01 0.32757E+00 0.32999E-02 0.32136E-02
0.70000E+02 0.32000E+00 0.21875E-01 0.23853E+00 0.23450E-02 0.25056E-02
0.70000E+02 0.50000E+00 0.14000E-01 0.10501E+00 0.18414E-02 0.18484E-02
0.70000E+02 0.80000E+00 0.87500E-02 0.30857E-02 0.30565E-03 0.46498E-03
0.90000E+02 0.13000E-01 0.69231E+00 0.70332E+00 0.49661E-02 0.55942E-02
0.90000E+02 0.20000E-01 0.45000E+00 0.64280E+00 0.45615E-02 0.49875E-02
0.90000E+02 0.32000E-01 0.28125E+00 0.56586E+00 0.41314E-02 0.42716E-02
0.90000E+02 0.50000E-01 0.18000E+00 0.49979E+00 0.40407E-02 0.39526E-02
0.90000E+02 0.80000E-01 0.11250E+00 0.43950E+00 0.41845E-02 0.38241E-02
0.90000E+02 0.13000E+00 0.69231E-01 0.38196E+00 0.40579E-02 0.36414E-02
0.90000E+02 0.18000E+00 0.45000E-01 0.34017E+00 0.34258E-02 0.32942E-02
0.90000E+02 0.32000E+00 0.28125E-01 0.23395E+00 0.22798E-02 0.24580E-02
0.90000E+02 0.50000E+00 0.18000E-01 0.10109E+00 0.17735E-02 0.17740E-02
0.90000E+02 0.80000E+00 0.11250E-01 0.28473E-02 0.28476E-03 0.43946E-03
0.12000E+03 0.13000E-01 0.92308E+00 0.68212E+00 0.46776E-02 0.52837E-02
0.12000E+03 0.20000E-01 0.66667E+00 0.63900E+00 0.44243E-02 0.48385E-02
0.12000E+03 0.32000E-01 0.48000E+00 0.56895E+00 0.40658E-02 0.42199E-02
0.12000E+03 0.50000E-01 0.30000E+00 0.50464E+00 0.39591E-02 0.39100E-02
0.12000E+03 0.80000E-01 0.18462E+00 0.44187E+00 0.40289E-02 0.37446E-02
0.12000E+03 0.13000E+00 0.92308E-01 0.38127E+00 0.38432E-02 0.35258E-02
0.12000E+03 0.18000E+00 0.66667E-01 0.33764E+00 0.32350E-02 0.31680E-02
0.12000E+03 0.32000E+00 0.48000E-01 0.22896E+00 0.22141E-02 0.24081E-02
0.12000E+03 0.50000E+00 0.30000E-01 0.96945E-01 0.17018E-02 0.16956E-02
0.12000E+03 0.80000E+00 0.18461E-01 0.26066E-02 0.26343E-03 0.41285E-03
0.15000E+03 0.20000E-01 0.83333E+00 0.62834E+00 0.42869E-02 0.46756E-02
0.15000E+03 0.32000E-01 0.60000E+00 0.56947E+00 0.40185E-02 0.41775E-02
0.15000E+03 0.50000E-01 0.37500E+00 0.50790E+00 0.39065E-02 0.38845E-02
0.15000E+03 0.80000E-01 0.23077E+00 0.44352E+00 0.39216E-02 0.36910E-02
0.15000E+03 0.13000E+00 0.11539E+00 0.38070E+00 0.36953E-02 0.34456E-02
0.15000E+03 0.18000E+00 0.83333E-01 0.33572E+00 0.31051E-02 0.30798E-02
0.15000E+03 0.33000E+00 0.60000E-01 0.21727E+00 0.21632E-02 0.23868E-02
0.15000E+03 0.50000E+00 0.37500E-01 0.93941E-01 0.16504E-02 0.16396E-02
0.15000E+03 0.80000E+00 0.23077E-01 0.24402E-02 0.24854E-03 0.39391E-03
0.20000E+03 0.25000E-01 0.80000E+00 0.60610E+00 0.41103E-02 0.43968E-02
0.20000E+03 0.40000E-01 0.50000E+00 0.54695E+00 0.39067E-02 0.40006E-02
0.20000E+03 0.80000E-01 0.30769E+00 0.44546E+00 0.38127E-02 0.36431E-02
0.20000E+03 0.13000E+00 0.15385E+00 0.38006E+00 0.35315E-02 0.33580E-02
0.20000E+03 0.18000E+00 0.11111E+00 0.33338E+00 0.29601E-02 0.29786E-02
0.20000E+03 0.25000E+00 0.80000E-01 0.27616E+00 0.22941E-02 0.23407E-02
0.20000E+03 0.40000E+00 0.50000E-01 0.15864E+00 0.20614E-02 0.22614E-02
0.20000E+03 0.65000E+00 0.30769E-01 0.24396E-01 0.79045E-03 0.81880E-03
0.25000E+03 0.40000E-01 0.62500E+00 0.54662E+00 0.38871E-02 0.39884E-02
0.25000E+03 0.80000E-01 0.38461E+00 0.44682E+00 0.37604E-02 0.36313E-02
0.25000E+03 0.13000E+00 0.19231E+00 0.37973E+00 0.34262E-02 0.33048E-02
0.25000E+03 0.18000E+00 0.13889E+00 0.33176E+00 0.28654E-02 0.29118E-02
0.25000E+03 0.25000E+00 0.10000E+00 0.27341E+00 0.22417E-02 0.22870E-02
0.25000E+03 0.40000E+00 0.62500E-01 0.15532E+00 0.20188E-02 0.22121E-02
0.25000E+03 0.65000E+00 0.38462E-01 0.23369E-01 0.76520E-03 0.79192E-03
0.30000E+03 0.40000E-01 0.75000E+00 0.54315E+00 0.38816E-02 0.39807E-02
0.30000E+03 0.80000E-01 0.46154E+00 0.44783E+00 0.37479E-02 0.36475E-02
0.30000E+03 0.13000E+00 0.23077E+00 0.37969E+00 0.33575E-02 0.32752E-02
0.30000E+03 0.18000E+00 0.16667E+00 0.33064E+00 0.28007E-02 0.28667E-02
0.30000E+03 0.25000E+00 0.12000E+00 0.27135E+00 0.22042E-02 0.22525E-02
0.30000E+03 0.40000E+00 0.75000E-01 0.15277E+00 0.19857E-02 0.21739E-02
0.30000E+03 0.65000E+00 0.46154E-01 0.22588E-01 0.74588E-03 0.77128E-03
0.40000E+03 0.80000E-01 0.61538E+00 0.44897E+00 0.38139E-02 0.37470E-02
0.40000E+03 0.13000E+00 0.30769E+00 0.38031E+00 0.32913E-02 0.32661E-02
0.40000E+03 0.18000E+00 0.22222E+00 0.32950E+00 0.27261E-02 0.28196E-02
0.40000E+03 0.25000E+00 0.16000E+00 0.26860E+00 0.21555E-02 0.22123E-02
0.40000E+03 0.40000E+00 0.10000E+00 0.14908E+00 0.19381E-02 0.21183E-02
0.40000E+03 0.65000E+00 0.61539E-01 0.21456E-01 0.71750E-03 0.74119E-03
0.50000E+03 0.80000E-01 0.76923E+00 0.44863E+00 0.39623E-02 0.39070E-02
0.50000E+03 0.13000E+00 0.38461E+00 0.38173E+00 0.32930E-02 0.33187E-02
0.50000E+03 0.18000E+00 0.27778E+00 0.32943E+00 0.26950E-02 0.28204E-02
0.50000E+03 0.25000E+00 0.20000E+00 0.26706E+00 0.21288E-02 0.21952E-02
0.50000E+03 0.40000E+00 0.12500E+00 0.14656E+00 0.19053E-02 0.20789E-02
0.50000E+03 0.65000E+00 0.76923E-01 0.20662E-01 0.69750E-03 0.71989E-03
0.65000E+03 0.13000E+00 0.50000E+00 0.38504E+00 0.33881E-02 0.34872E-02
0.65000E+03 0.18000E+00 0.36111E+00 0.33080E+00 0.27034E-02 0.28862E-02
0.65000E+03 0.25000E+00 0.26000E+00 0.26627E+00 0.21138E-02 0.21984E-02
0.65000E+03 0.40000E+00 0.16250E+00 0.14408E+00 0.18727E-02 0.20374E-02
0.65000E+03 0.65000E+00 0.10000E+00 0.19824E-01 0.67641E-03 0.69716E-03
0.80000E+03 0.13000E+00 0.61538E+00 0.38926E+00 0.35704E-02 0.37365E-02
0.80000E+03 0.18000E+00 0.44444E+00 0.33355E+00 0.27638E-02 0.30093E-02
0.80000E+03 0.25000E+00 0.32000E+00 0.26683E+00 0.21204E-02 0.22285E-02
0.80000E+03 0.40000E+00 0.20000E+00 0.14262E+00 0.18524E-02 0.20100E-02
0.80000E+03 0.65000E+00 0.12308E+00 0.19239E-01 0.66182E-03 0.68121E-03
0.10000E+04 0.13000E+00 0.76923E+00 0.39519E+00 0.39041E-02 0.41474E-02
0.10000E+04 0.18000E+00 0.55556E+00 0.33883E+00 0.29173E-02 0.32499E-02
0.10000E+04 0.25000E+00 0.40000E+00 0.26916E+00 0.21566E-02 0.23042E-02
0.10000E+04 0.40000E+00 0.25000E+00 0.14175E+00 0.18385E-02 0.19884E-02
0.10000E+04 0.65000E+00 0.15385E+00 0.18698E-01 0.64864E-03 0.66653E-03
0.12000E+04 0.13000E+00 0.92308E+00 0.39969E+00 0.42547E-02 0.45481E-02
0.12000E+04 0.18000E+00 0.66667E+00 0.34520E+00 0.31374E-02 0.35571E-02
0.12000E+04 0.25000E+00 0.48000E+00 0.27290E+00 0.22205E-02 0.24170E-02
0.12000E+04 0.40000E+00 0.30000E+00 0.14176E+00 0.18352E-02 0.19796E-02
0.12000E+04 0.65000E+00 0.18462E+00 0.18336E-01 0.64031E-03 0.65695E-03
0.15000E+04 0.18000E+00 0.83333E+00 0.35479E+00 0.35281E-02 0.40616E-02
0.15000E+04 0.25000E+00 0.60000E+00 0.28034E+00 0.23616E-02 0.26470E-02
0.15000E+04 0.40000E+00 0.37500E+00 0.14299E+00 0.18466E-02 0.19843E-02
0.15000E+04 0.65000E+00 0.23077E+00 0.18013E-01 0.63463E-03 0.64900E-03
0.20000E+04 0.25000E+00 0.80000E+00 0.29445E+00 0.26762E-02 0.31150E-02
0.20000E+04 0.40000E+00 0.50000E+00 0.14735E+00 0.19129E-02 0.20245E-02
0.20000E+04 0.65000E+00 0.30769E+00 0.17849E-01 0.63960E-03 0.64711E-03
0.30000E+04 0.40000E+00 0.75000E+00 0.16017E+00 0.21752E-02 0.21776E-02
0.30000E+04 0.65000E+00 0.46154E+00 0.18319E-01 0.69636E-03 0.66904E-03
0.50000E+04 0.65000E+00 0.76923E+00 0.20434E-01 0.93175E-03 0.75501E-03
